158
12
255
139
95
214
181
177
13
106
253
107
92
4
247
235
152
97
202
83
166
198
175
261
69
223
70
260
156
19
17
217
72
240
189
218
34
5
111
233
140
16
206
88
222
55
150
77
93
176
61
136
215
201
230
196
238
157
121
265
112
212
153
163
114
144
98
73
21
138
65
35
232
171
56
27
86
105
186
250
15
170
45
7
113
39
80
57
259
41
6
200
264
228
134
210
122
36
51
96
221
81
42
85
254
26
203
249
145
48
52
130
47
174
50
142
137
63
167
160
78
46
133
182
84
53
8
173
108
135
99
165
168
183
185
117
192
123
91
252
109
161
32
227
234
125
102
226
126
262
82
124
132
24
188
37
79
143
193
219
71
154
29
172
263
76
100
225
246
257
169
205
178
23
58
204
229
220
155
149
208
66
151
25
60
237
248
67
207
115
18
256
62
94
251
43
146
3
74
190
199
38
242
128
127
179
28
120
118
211
68
141
40
89
9
31
241
239
119
49
20
191
75
87
162
33
147
245
2
258
148
64
101
231
194
216
197
184
131
44
224
90
244
195
11
164
209
213
54
159
129
22
30
116
236
14
243
1
59
180
10
187