78
244
52
242
83
126
39
40
128
119
53
240
64
246
147
80
157
136
229
97
116
173
26
209
219
265
203
107
41
24
112
224
174
19
120
94
73
198
252
76
206
171
102
111
46
239
261
4
66
13
238
124
156
137
148
226
88
184
57
42
223
228
233
168
133
146
241
192
172
218
38
30
74
48
25
7
67
254
108
208
245
114
132
247
180
105
125
152
197
3
27
90
159
155
216
258
96
234
193
22
215
54
44
145
129
37
189
121
77
185
109
144
127
212
36
260
75
237
259
1
167
35
253
186
165
33
95
123
71
93
31
117
68
87
264
227
9
183
140
249
257
61
190
118
202
43
91
195
135
5
134
158
231
15
89
178
221
130
72
210
2
55
69
149
11
23
243
161
113
162
14
21
59
169
84
150
196
34
176
236
164
106
70
101
199
181
85
45
143
220
187
170
49
177
256
58
153
166
17
79
194
86
65
82
92
47
29
251
98
6
151
263
10
235
138
262
250
182
248
255
217
200
62
8
211
16
179
32
20
115
122
214
160
50
100
56
207
28
225
191
213
205
175
154
204
60
188
222
81
12
142
163
131
139
63
201
141
232
51
18
230